  112.83 
  2 5.07 
  3 15.7 
  4 43.8 
  5 86.5 
  6 30.9 
  7 35.8 
 51 34.0 
 72 29.2 
  8 13.0 
  9 2.94 
 10  298 
 11  7.0 
 20 63.1 
 21 26.3 
 22  5.7 
 23  2.8 
 24  0.1 
 25  1.9 
 28    0 
 14 8.09 
 15 3.38 
 16 0.74 
 17 0.36 
 18 0.02 
 19 0.25 
 29    0 
 5013.38 
 5212.83 
19155.91 
19275.18 
 42    + 
 12 45.7 
 13 0.21 
 26 2.48 
 27-11.0 
 73 2.98 
 83 36.9 
 84 14.8 
 5312.83 
 54 63.1 
 55 26.3 
 56  5.7 
 57  2.8 
 58  0.1 
 59  1.9 
 60 8.09 
 61 3.38 
 62 0.74 
 63 0.36 
 64 0.02 
 65 0.25 